epochs = [0, 1, 2, 3, 4, 5, 6, 7, 8, 9, 10, 11, 12, 13, 14, 15, 16, 17, 18, 19, 20]
test_steps = [0, 100, 200, 300, 400, 500, 600, 700, 800, 900, 1000, 1100, 1200, 1300, 1400, 1500, 1600, 1700]
train_loss_gd = [0.53407, 0.53407, 0.38592, 0.30081, 0.24725, 0.21023, 0.18284, 0.16168, 0.14484, 0.13118, 0.11992, 0.11053, 0.10260, 0.09583, 0.09001, 0.08496, 0.08053, 0.07663, 0.07316, 0.07006, 0.06728]
train_loss_sgd = [0.53407, 0.13990, 0.04355, 0.03373, 0.02313, 0.02279, 0.01704, 0.02445, 0.02635, 0.01604, 0.02339, 0.02112, 0.02077, 0.01921, 0.01164, 0.01599, 0.02037, 0.01102, 0.01280, 0.01947, 0.01493]
train_loss_adam = [0.53407, 0.07180, 0.02218, 0.02266, 0.03363, 0.01991, 0.01946, 0.02752, 0.02278, 0.02341, 0.01722, 0.02077, 0.02178, 0.01995, 0.02058, 0.01747, 0.02316, 0.01490, 0.01601, 0.01115, 0.02039]
train_accuracy_gd = [0.00000, 46.73851, 46.73851, 46.73851, 47.26319, 53.14804, 62.57799, 70.90187, 77.90697, 83.13953, 86.89733, 89.54906, 91.67612, 92.90981, 94.14350, 94.88088, 95.61826, 96.07204, 96.46909, 96.78106, 96.95123]
train_accuracy_sgd = [0.00000, 81.25000, 98.04688, 98.82812, 100.00000, 98.82812, 98.82812, 98.43750, 96.87500, 100.00000, 97.65625, 98.43750, 98.43750, 98.04688, 99.60938, 99.60938, 98.43750, 100.00000, 100.00000, 99.21875, 99.21875]
train_accuracy_adam = [0.00000, 94.14062, 99.21875, 99.60938, 98.04688, 99.60938, 99.60938, 98.43750, 98.82812, 98.82812, 99.21875, 98.82812, 98.82812, 98.82812, 99.60938, 99.60938, 98.43750, 99.21875, 99.21875, 100.00000, 99.21875]
train_time_gd = [0.00000, 0.05841, 0.11473, 0.17282, 0.23567, 0.29261, 0.34975, 0.41096, 0.46785, 0.52448, 0.58292, 0.64118, 0.69770, 0.75684, 0.81464, 0.87108, 0.92823, 0.98473, 1.04144, 1.10143, 1.15824]
train_time_sgd = [0.00000, 0.00276, 0.00515, 0.00749, 0.00964, 0.01194, 0.01436, 0.01660, 0.01902, 0.02137, 0.02377, 0.02595, 0.02810, 0.03035, 0.03251, 0.03492, 0.03736, 0.03962, 0.04189, 0.04422, 0.04636]
train_time_adam = [0.00000, 0.03449, 0.07189, 0.11070, 0.14967, 0.19121, 0.23291, 0.27397, 0.31549, 0.35810, 0.40176, 0.44454, 0.48746, 0.53042, 0.57301, 0.61715, 0.66091, 0.70570, 0.75150, 0.79822, 0.85132]
test_loss_gd = [0.00000, 0.01980, 0.01990, 0.01993, 0.02494, 0.01996, 0.02163, 0.02568, 0.02747, 0.02442, 0.02298, 0.02089, 0.02498, 0.02460, 0.02498, 0.02665, 0.02623, 0.02587]
test_loss_sgd = [0.00000, 0.00000, 0.01493, 0.01329, 0.01496, 0.01198, 0.00998, 0.01141, 0.00999, 0.00999, 0.00899, 0.00817, 0.01082, 0.01153, 0.01071, 0.01066, 0.01062, 0.01058]
test_loss_adam = [0.00000, 0.00000, 0.01493, 0.00997, 0.01247, 0.01198, 0.00998, 0.00999, 0.00874, 0.00888, 0.00899, 0.00817, 0.00916, 0.00922, 0.00928, 0.00933, 0.00937, 0.00941]
test_accuracy_gd = [100.00000, 98.01981, 98.00995, 98.00665, 97.50624, 98.00399, 97.83694, 97.43224, 97.25343, 97.55827, 97.70230, 97.91099, 97.50208, 97.54035, 97.50179, 97.33511, 97.37664, 97.41328]
test_accuracy_sgd = [100.00000, 100.00000, 98.50746, 98.67110, 98.50374, 98.80239, 99.00166, 98.85877, 99.00124, 99.00111, 99.10090, 99.18256, 98.91756, 98.84705, 98.92934, 98.93404, 98.93816, 98.94180]
test_accuracy_adam = [100.00000, 100.00000, 98.50746, 99.00332, 98.75312, 98.80239, 99.00166, 99.00143, 99.12609, 99.11210, 99.10090, 99.18256, 99.08410, 99.07763, 99.07209, 99.06729, 99.06309, 99.05938]
test_times = [0.00000, 0.00039, 0.00078, 0.00110, 0.00146, 0.00185, 0.00224, 0.00256, 0.00287, 0.00327, 0.00358, 0.00401, 0.00441, 0.00480, 0.00512, 0.00551, 0.00585, 0.00617]
weight_range = 0.001
batch_size = 256